1
1.387 0.008 0.007 0.008 
1.379 0.009 0.007 0.008 
1.356 0.009 0.006 0.008 
1.378 0.008 0.006 0.008 
1.375 0.008 0.007 0.008 
2
5.44 0.018 0.014 0.018 
5.425 0.017 0.013 0.018 
5.446 0.017 0.014 0.017 
5.43 0.017 0.014 0.018 
5.437 0.017 0.014 0.017 
3
14.476 0.037 0.028 0.037 
15.238 0.033 0.026 0.034 
15.276 0.034 0.025 0.035 
15.3 0.034 0.025 0.03 
15.44 0.06 0.047 0.056 
4
27.805 0.043 0.038 0.046 
27.573 0.05 0.039 0.045 
27.792 0.048 0.034 0.045 
27.067 0.049 0.039 0.05 
27.233 0.041 0.037 0.058 
5
42.788 0.06 0.042 0.054 
54.463 0.055 0.045 0.057 
43.053 0.052 0.044 0.053 
43.091 0.061 0.052 0.064 
43.159 0.057 0.051 0.057 
6
62.029 0.067 0.061 0.063 
61.931 0.064 0.05 0.068 
74.399 0.07 0.065 0.079 
62.4 0.074 0.059 0.072 
62.581 0.113 0.057 0.065 
7
84.977 0.094 0.066 0.078 
84.869 0.081 0.073 0.082 
84.233 0.151 0.086 0.076 
84.57 0.077 0.091 0.087 
86.663 0.085 0.07 0.076 
8
110.861 0.097 0.078 0.1 
110.867 0.1 0.088 0.087 
122.428 0.092 0.086 0.084 
108.877 0.108 0.087 0.087 
110.368 0.097 0.075 0.091 
9
141.539 0.103 0.088 0.108 
138.074 0.105 0.095 0.095 
138.061 0.104 0.098 0.105 
149.704 0.12 0.1 0.094 
137.429 0.104 0.1 0.101 
10
172.857 0.124 0.106 0.101 
173.404 0.115 0.11 0.118 
175.714 0.117 0.12 0.14 
174.486 0.123 0.102 0.114 
173.278 0.127 0.114 0.121 
